Tree	-lnL	Site	-lnL
		17	5.88207644
		268	6.37529229
		384	6.03458115
		525	6.23784703
		781	12.82094076
		811	6.37529229
		949	5.88207644
		1172	13.39077659
		1209	10.72846127
		1222	5.88207644
		1225	9.71288925
		1286	12.30016795
		1433	5.88207644
		1481	6.37529229
		1645	9.87836710
		1759	10.02188044
		2114	10.67349549
		2146	6.37529229
		2161	5.88207644
		2190	6.23784703
		2191	6.23784703
		2287	5.88207644
		2514	12.00421246
		2750	10.75273295
		2819	5.88207644
		2993	6.23784703
1	209.94559770
Tree	-lnL	Site	-lnL
		17	6.03698029
		268	6.29952538
		384	6.20962060
		525	6.16547906
		781	12.95569350
		811	6.29952538
		949	6.03698029
		1172	12.78886207
		1209	12.46015416
		1222	6.03698029
		1225	9.76843070
		1286	11.74078964
		1433	6.03698029
		1481	6.29952538
		1645	9.92206064
		1759	9.95360701
		2114	12.19252522
		2146	6.29952538
		2161	6.03698029
		2190	6.16547906
		2191	6.16547906
		2287	6.03698029
		2514	13.44866458
		2750	12.53110911
		2819	6.03698029
		2993	6.16547906
2	216.09039702
